BBA_1,	Ssa197	Ssa202	Ssa85	SsaD144	SsaD486	SsaD58	SsaD71	SsaD85	SSOSL417	SSsp2201	SSsp2210	SSsp2215	SSsp2216	SSspG7	U3	Overall	
N	68	68	68	68	68	68	68	68	68	68	68	68	68	68	68	68	
A	11	17	14	23	7	20	23	20	9	21	6	11	13	12	6	213	
%	36.67	70.83	58.33	22.55	53.85	31.25	46	37.04	29.03	41.18	40	44	28.26	41.38	50	42.02	
Ar	9.34	12.76	10.59	16.92	5.87	14.85	18.63	14.04	6.81	15	5.29	8.69	9.24	9.88	5.31	10.88	
Ho	0.9	0.93	0.85	0.94	0.65	0.91	0.96	0.84	0.53	0.91	0.84	0.76	0.78	0.91	0.76	0.83	
He	0.87	0.88	0.84	0.92	0.66	0.9	0.94	0.88	0.53	0.9	0.78	0.79	0.81	0.88	0.73	0.82	
HWE	0	0.5307	0.0123	0.0101	0.0948	0.4829	0.0157	0.0687	0.2869	0.3057	0.0484	0.004	0.006	0	0.8517	0	
																																		
BDN_1,	Ssa197	Ssa202	Ssa85	SsaD144	SsaD486	SsaD58	SsaD71	SsaD85	SSOSL417	SSsp2201	SSsp2210	SSsp2215	SSsp2216	SSspG7	U3	Overall	
N	76	76	71	74	76	68	72	67	66	75	75	76	76	76	75	73.27	
A	19	13	11	28	8	29	29	24	15	31	10	13	18	19	7	274	
%	63.33	54.17	45.83	27.45	61.54	45.31	58	44.44	48.39	60.78	66.67	52	39.13	65.52	58.33	52.73	
Ar	12.71	10.42	8.23	19.02	6.83	19.25	20.19	16.96	10.49	22.27	7.81	9.95	13.01	13.72	6.58	13.16	
Ho	0.86	0.88	0.86	0.93	0.78	0.97	0.97	0.9	0.85	0.97	0.73	0.92	0.91	0.92	0.79	0.88	
He	0.88	0.88	0.81	0.93	0.68	0.94	0.94	0.93	0.84	0.95	0.67	0.84	0.9	0.9	0.76	0.86	
HWE	0.9996	0.8414	0.9618	0.6796	0.9511	0.1264	0.9893	0.0169	0.887	0.6493	0.9543	0.9373	0.7016	0.9861	0.7572	0.9969	
																																		
BDNB_1,	Ssa197	Ssa202	Ssa85	SsaD144	SsaD486	SsaD58	SsaD71	SsaD85	SSOSL417	SSsp2201	SSsp2210	SSsp2215	SSsp2216	SSspG7	U3	Overall	
N	75	75	74	75	75	75	75	74	75	74	75	75	75	75	75	74.8	
A	16	16	14	35	9	30	31	29	13	27	8	11	18	19	7	283	
%	53.33	66.67	58.33	34.31	69.23	46.88	62	53.7	41.94	52.94	53.33	44	39.13	65.52	58.33	53.31	
Ar	12.26	12.75	9.7	23.21	6.14	20.32	20.95	20.16	9.58	20.63	6.95	9.78	14.59	13.6	6.19	13.79	
Ho	0.87	0.84	0.91	0.97	0.6	0.93	0.97	0.99	0.77	0.99	0.64	0.8	0.88	0.84	0.67	0.84	
He	0.88	0.89	0.85	0.95	0.63	0.94	0.94	0.94	0.84	0.95	0.7	0.84	0.91	0.88	0.74	0.86	
HWE	0.9993	0.0055	0.0082	0.6668	1	0.9239	0.0747	0	0.6436	0.8903	0.3504	0.197	1e-04	0	0.114	0	
																																		
BSB_1,	Ssa197	Ssa202	Ssa85	SsaD144	SsaD486	SsaD58	SsaD71	SsaD85	SSOSL417	SSsp2201	SSsp2210	SSsp2215	SSsp2216	SSspG7	U3	Overall	
N	73	74	76	74	78	74	77	76	78	77	74	75	74	75	74	75.27	
A	15	18	13	34	9	31	27	29	15	32	9	13	19	14	7	285	
%	50	75	54.17	33.33	69.23	48.44	54	53.7	48.39	62.75	60	52	41.3	48.28	58.33	53.93	
Ar	11.65	12.69	11.25	22.7	6.91	19.13	19.07	19.36	10.72	20.77	6.37	10.67	13.3	11.49	6.2	13.49	
Ho	0.86	0.88	0.8	0.95	0.6	0.91	0.92	0.96	0.76	0.95	0.72	0.81	0.89	0.92	0.69	0.84	
He	0.85	0.88	0.85	0.95	0.6	0.93	0.94	0.94	0.83	0.94	0.69	0.86	0.88	0.89	0.75	0.85	
HWE	0.9438	0.9819	0.0013	0.5779	0	0	0.8506	0	5e-04	0.989	0.9052	1e-04	0.9995	0	0.2091	0	
																																		
CCR_1,	Ssa197	Ssa202	Ssa85	SsaD144	SsaD486	SsaD58	SsaD71	SsaD85	SSOSL417	SSsp2201	SSsp2210	SSsp2215	SSsp2216	SSspG7	U3	Overall	
N	80	80	80	80	80	80	80	80	80	80	80	80	80	80	80	80	
A	15	19	10	30	8	28	28	30	17	28	8	14	15	16	8	274	
%	50	79.17	41.67	29.41	61.54	43.75	56	55.56	54.84	54.9	53.33	56	32.61	55.17	66.67	52.71	
Ar	11.8	14.15	8.82	21.52	6.65	19.89	20.39	19.54	12.21	20.25	6.66	11.05	13.54	13	6.5	13.73	
Ho	0.84	0.91	0.82	0.95	0.78	0.91	0.91	0.91	0.86	0.95	0.75	0.82	0.86	0.92	0.74	0.86	
He	0.87	0.91	0.81	0.95	0.74	0.94	0.95	0.93	0.88	0.94	0.74	0.87	0.9	0.9	0.69	0.87	
HWE	0.9699	0.9949	0.9995	0.1373	0.886	0.3156	0.0345	0.8095	0.0578	0.993	0.73	0	0.5151	0.8913	0.092	0.579	
																																		
CMB_1,	Ssa197	Ssa202	Ssa85	SsaD144	SsaD486	SsaD58	SsaD71	SsaD85	SSOSL417	SSsp2201	SSsp2210	SSsp2215	SSsp2216	SSspG7	U3	Overall	
N	77	77	77	77	77	77	77	77	77	76	77	77	77	77	77	76.93	
A	17	15	12	24	9	25	23	28	15	28	10	10	21	15	8	260	
%	56.67	62.5	50	23.53	69.23	39.06	46	51.85	48.39	54.9	66.67	40	45.65	51.72	66.67	51.52	
Ar	13.26	11.58	9.2	18.96	6.75	18	18.58	20.8	9.92	21.76	8.14	9.54	14.93	11.66	6.9	13.33	
Ho	0.94	0.88	0.71	0.92	0.73	0.9	0.9	0.96	0.78	0.97	0.66	0.79	0.9	0.84	0.69	0.84	
He	0.89	0.86	0.74	0.94	0.65	0.93	0.94	0.95	0.84	0.95	0.7	0.85	0.91	0.89	0.73	0.85	
HWE	0.7868	0.7369	0.8241	0.3892	0.7656	0.2085	0.0087	0.9893	0	0.9158	0.9667	0.9254	0.0676	0.9861	0.2979	0.4138	
																																		
CNR_1,	Ssa197	Ssa202	Ssa85	SsaD144	SsaD486	SsaD58	SsaD71	SsaD85	SSOSL417	SSsp2201	SSsp2210	SSsp2215	SSsp2216	SSspG7	U3	Overall	
N	99	99	99	99	99	99	99	99	99	97	99	99	99	99	99	98.87	
A	14	13	9	23	6	27	28	30	12	31	7	12	15	14	8	249	
%	46.67	54.17	37.5	22.55	46.15	42.19	56	55.56	38.71	60.78	46.67	48	32.61	48.28	66.67	46.83	
Ar	9.78	10.93	6.96	18.68	5.46	17.99	19.57	20.18	7.93	20.93	6.38	9.41	13.44	11.21	6.5	12.36	
Ho	0.8	0.88	0.71	0.97	0.53	0.91	0.97	0.91	0.75	0.96	0.65	0.86	0.91	0.84	0.7	0.82	
He	0.84	0.87	0.65	0.94	0.56	0.93	0.94	0.94	0.75	0.94	0.66	0.86	0.91	0.88	0.71	0.83	
HWE	0.024	0.8961	0.5886	0.0366	0.0413	0.9657	0.9616	0.6964	0.9888	0.9067	0.7267	0.3321	0.8833	0.0066	0.9515	0.9249	
																																		
DHB_1,	Ssa197	Ssa202	Ssa85	SsaD144	SsaD486	SsaD58	SsaD71	SsaD85	SSOSL417	SSsp2201	SSsp2210	SSsp2215	SSsp2216	SSspG7	U3	Overall	
N	78	78	78	78	78	78	78	78	78	78	78	78	78	78	78	78	
A	12	16	11	34	7	26	28	28	13	30	7	14	16	15	10	267	
%	40	66.67	45.83	33.33	53.85	40.62	56	51.85	41.94	58.82	46.67	56	34.78	51.72	83.33	50.76	
Ar	10.36	14.44	8.13	23.3	5.12	19.06	19.95	18.69	10.89	20.8	6.24	10.85	13.05	12.25	7.88	13.4	
Ho	0.9	0.96	0.77	0.94	0.56	0.95	0.99	0.9	0.91	0.92	0.74	0.82	0.9	0.88	0.78	0.86	
He	0.86	0.91	0.78	0.95	0.68	0.94	0.94	0.93	0.87	0.94	0.7	0.88	0.9	0.87	0.75	0.86	
HWE	0.192	8e-04	0.387	0	0.2935	0.952	0.1742	1e-04	0.015	0.014	0.3472	0.1213	0.9846	0.9689	0	0	
																																		
FBS_1,	Ssa197	Ssa202	Ssa85	SsaD144	SsaD486	SsaD58	SsaD71	SsaD85	SSOSL417	SSsp2201	SSsp2210	SSsp2215	SSsp2216	SSspG7	U3	Overall	
N	74	72	74	73	74	74	73	72	72	74	74	73	74	74	73	73.33	
A	12	13	7	26	7	24	22	26	14	26	8	10	15	15	8	233	
%	40	54.17	29.17	25.49	53.85	37.5	44	48.15	45.16	50.98	53.33	40	32.61	51.72	66.67	44.85	
Ar	10.55	10.5	5.43	17.83	5.39	18.02	16.72	17.23	9.12	18.39	5.66	8.96	11.12	11.07	6.83	11.52	
Ho	0.88	0.93	0.66	0.97	0.81	0.92	0.89	0.96	0.85	0.96	0.62	0.79	0.91	0.81	0.78	0.85	
He	0.89	0.88	0.68	0.89	0.69	0.93	0.93	0.92	0.8	0.92	0.62	0.85	0.84	0.85	0.77	0.83	
HWE	0.6986	0.995	0.9759	0.9929	0.1456	0.0022	0.56	0.8245	0.3173	0.9968	0	0.5549	0.8971	0.0629	0.5648	0.8283	
																																		
GAR_1,	Ssa197	Ssa202	Ssa85	SsaD144	SsaD486	SsaD58	SsaD71	SsaD85	SSOSL417	SSsp2201	SSsp2210	SSsp2215	SSsp2216	SSspG7	U3	Overall	
N	100	100	100	100	100	100	100	100	100	100	100	100	100	99	100	99.93	
A	12	18	14	24	6	24	26	24	13	22	7	10	13	14	5	232	
%	40	75	58.33	23.53	46.15	37.5	52	44.44	41.94	43.14	46.67	40	28.26	48.28	41.67	44.46	
Ar	9.54	12.1	10.74	16.37	4.35	16.34	18.09	17.35	10.34	16.6	5.41	8.94	10.96	10.84	4.59	11.5	
Ho	0.9	0.89	0.86	0.91	0.61	0.96	0.92	0.94	0.84	0.9	0.67	0.79	0.94	0.87	0.73	0.85	
He	0.86	0.86	0.85	0.91	0.61	0.92	0.93	0.92	0.84	0.92	0.64	0.85	0.88	0.88	0.68	0.84	
HWE	1e-04	0.8601	0.9374	0.9475	0.7952	0.8392	0.1277	6e-04	0.4905	0.921	0.9882	0.0297	0.5843	0.8811	0.0371	0.3284	
																																		
GBB_1,	Ssa197	Ssa202	Ssa85	SsaD144	SsaD486	SsaD58	SsaD71	SsaD85	SSOSL417	SSsp2201	SSsp2210	SSsp2215	SSsp2216	SSspG7	U3	Overall	
N	100	100	100	100	100	100	100	100	100	100	100	100	100	100	100	100	
A	13	16	13	25	7	26	25	23	11	27	8	12	15	12	8	241	
%	43.33	66.67	54.17	24.51	53.85	40.62	50	42.59	35.48	52.94	53.33	48	32.61	41.38	66.67	47.08	
Ar	9.08	12.33	8.56	17.62	5.06	19.29	16.66	15.77	7.45	19.76	7.05	9.13	10.51	10.04	6.44	11.65	
Ho	0.83	0.9	0.79	0.9	0.63	0.95	0.92	0.87	0.78	0.94	0.82	0.79	0.85	0.8	0.75	0.83	
He	0.82	0.89	0.81	0.93	0.59	0.94	0.91	0.92	0.79	0.94	0.79	0.82	0.84	0.85	0.79	0.84	
HWE	0	0.2187	0.9999	0.9206	0.9815	0.8737	1	1e-04	0.9944	0.9916	0.5599	0.8934	0.3088	0.431	0.4735	0.9625	
																																		
GBI_1,	Ssa197	Ssa202	Ssa85	SsaD144	SsaD486	SsaD58	SsaD71	SsaD85	SSOSL417	SSsp2201	SSsp2210	SSsp2215	SSsp2216	SSspG7	U3	Overall	
N	75	75	75	75	75	75	75	74	75	75	75	75	75	75	75	74.93	
A	10	16	9	29	8	27	27	28	15	28	7	13	17	18	8	260	
%	33.33	66.67	37.5	28.43	61.54	42.19	54	51.85	48.39	54.9	46.67	52	36.96	62.07	66.67	49.54	
Ar	9.13	13.46	7.64	21.35	7.29	20.57	20.19	20.02	11.4	21.07	5.94	10.55	12.82	14.29	6.79	13.5	
Ho	0.83	0.91	0.69	0.96	0.69	0.99	0.97	0.96	0.84	0.96	0.64	0.95	0.87	0.89	0.68	0.86	
He	0.86	0.91	0.77	0.95	0.75	0.95	0.94	0.94	0.85	0.95	0.66	0.87	0.89	0.9	0.69	0.86	
HWE	0.9289	0.8131	0.0059	0.8141	0.1883	0.0319	0.9659	0.2293	0.2686	0.233	0.3164	0.6317	0.6283	0.7078	0.1619	0.3876	
																																		
GNR_1,	Ssa197	Ssa202	Ssa85	SsaD144	SsaD486	SsaD58	SsaD71	SsaD85	SSOSL417	SSsp2201	SSsp2210	SSsp2215	SSsp2216	SSspG7	U3	Overall	
N	77	77	77	77	77	77	77	77	77	77	77	77	77	77	77	77	
A	13	18	11	34	8	25	28	25	17	28	8	15	17	19	7	273	
%	43.33	75	45.83	33.33	61.54	39.06	56	46.3	54.84	54.9	53.33	60	36.96	65.52	58.33	52.28	
Ar	10.07	14.63	8.86	22.25	6.07	19.11	20.22	19.64	11.61	21.42	6.61	12.19	14.84	14.53	6.59	13.91	
Ho	0.84	0.95	0.83	0.94	0.75	0.97	0.97	0.97	0.9	0.96	0.61	0.87	0.88	0.9	0.66	0.87	
He	0.85	0.92	0.78	0.95	0.72	0.94	0.94	0.94	0.85	0.95	0.71	0.89	0.91	0.91	0.74	0.87	
HWE	0.7253	0.6956	0.7959	0.9834	0.2365	0.9563	0.6751	0.3731	1	0.9716	0.6581	0.0244	0.0274	0.0866	0.6566	0.9902	
																																		
GRR_1,	Ssa197	Ssa202	Ssa85	SsaD144	SsaD486	SsaD58	SsaD71	SsaD85	SSOSL417	SSsp2201	SSsp2210	SSsp2215	SSsp2216	SSspG7	U3	Overall	
N	82	82	80	82	82	51	75	81	82	78	82	82	77	82	82	78.67	
A	14	17	12	36	9	28	29	29	16	28	7	12	17	16	9	279	
%	46.67	70.83	50	35.29	69.23	43.75	58	53.7	51.61	54.9	46.67	48	36.96	55.17	75	53.05	
Ar	11.3	14.24	8.78	22.95	5.78	16.77	21.46	18.63	12.31	21.16	6	10.2	13.91	13.49	7.34	13.62	
Ho	0.89	0.91	0.84	0.94	0.72	0.92	0.97	0.94	0.93	0.9	0.85	0.87	0.92	0.89	0.62	0.87	
He	0.87	0.91	0.82	0.96	0.71	0.95	0.95	0.93	0.87	0.95	0.71	0.87	0.91	0.91	0.73	0.87	
HWE	0.5791	0.8247	0.9549	0.0609	0.9853	0.1725	0.5097	0	0.9921	0.5745	0.1436	0.3309	3e-04	0.9857	0.726	7e-04	
																																		
IAM_1,	Ssa197	Ssa202	Ssa85	SsaD144	SsaD486	SsaD58	SsaD71	SsaD85	SSOSL417	SSsp2201	SSsp2210	SSsp2215	SSsp2216	SSspG7	U3	Overall	
N	75	74	75	74	74	75	75	74	74	75	75	75	75	75	75	74.67	
A	13	17	9	33	7	26	32	28	15	25	8	15	18	18	8	272	
%	43.33	70.83	37.5	32.35	53.85	40.62	64	51.85	48.39	49.02	53.33	60	39.13	62.07	66.67	51.53	
Ar	10.52	13.8	7.2	22.11	6.11	19.6	21.58	19.26	10.73	19.53	6.4	11.97	14.79	13.46	6.95	13.6	
Ho	0.89	0.95	0.79	0.95	0.81	0.95	0.96	0.95	0.81	0.97	0.83	0.88	0.91	0.88	0.76	0.88	
He	0.87	0.9	0.78	0.95	0.7	0.94	0.95	0.93	0.88	0.94	0.72	0.87	0.91	0.88	0.76	0.87	
HWE	0	0.0237	0.983	0.0068	0.3103	0.4499	0.9984	0.53	0	0.2438	0.0343	0.985	0.9855	0.9837	0.509	0.0648	
																																		
LHR_1,	Ssa197	Ssa202	Ssa85	SsaD144	SsaD486	SsaD58	SsaD71	SsaD85	SSOSL417	SSsp2201	SSsp2210	SSsp2215	SSsp2216	SSspG7	U3	Overall	
N	56	56	48	52	56	44	56	52	54	55	55	56	56	56	56	53.87	
A	17	15	9	30	7	28	25	21	9	29	9	12	16	12	8	247	
%	56.67	62.5	37.5	29.41	53.85	43.75	50	38.89	29.03	56.86	60	48	34.78	41.38	66.67	47.29	
Ar	13.02	11.28	7.83	20.58	5.28	16.91	18.39	16.26	7.18	21.76	6.82	9.61	13.82	10.47	6.88	12.41	
Ho	0.98	0.95	0.79	0.92	0.64	0.93	0.88	0.94	0.76	0.93	0.75	0.86	0.93	0.86	0.75	0.86	
He	0.88	0.85	0.75	0.94	0.62	0.92	0.94	0.93	0.76	0.95	0.72	0.85	0.9	0.87	0.76	0.84	
HWE	0.9939	0.7574	0.8541	0.0074	0.9989	0.9921	0.987	0.9986	0.8067	0.0286	0.9996	0.0048	0.7197	0.9618	0.9876	0.9863	
																																		
LPR_1,	Ssa197	Ssa202	Ssa85	SsaD144	SsaD486	SsaD58	SsaD71	SsaD85	SSOSL417	SSsp2201	SSsp2210	SSsp2215	SSsp2216	SSspG7	U3	Overall	
N	70	70	67	67	70	51	69	65	69	70	70	70	68	69	68	67.53	
A	12	17	9	25	8	24	30	24	15	24	7	13	16	18	8	250	
%	40	70.83	37.5	24.51	61.54	37.5	60	44.44	48.39	47.06	46.67	52	34.78	62.07	66.67	48.93	
Ar	10.64	14.88	7.29	18.74	6.52	16.61	20.7	17.91	11.3	18.09	5.92	11.31	13.71	14.39	7.1	13.01	
Ho	0.84	0.97	0.81	0.91	0.8	0.88	0.91	0.92	0.93	0.96	0.61	0.9	0.91	0.93	0.76	0.87	
He	0.87	0.92	0.8	0.94	0.7	0.94	0.94	0.93	0.87	0.93	0.65	0.88	0.9	0.92	0.73	0.86	
HWE	0.6901	0.6592	0.9014	0.1107	0.703	0.4147	0.8946	0.9601	0.9947	0.9643	0.8045	0.7867	0.8833	0.247	0.7909	0.9951	
																																		
LRD_1,	Ssa197	Ssa202	Ssa85	SsaD144	SsaD486	SsaD58	SsaD71	SsaD85	SSOSL417	SSsp2201	SSsp2210	SSsp2215	SSsp2216	SSspG7	U3	Overall	
N	82	82	82	82	82	82	82	82	82	82	82	82	82	82	82	82	
A	14	13	8	25	8	28	25	28	10	27	8	12	18	14	6	244	
%	46.67	54.17	33.33	24.51	61.54	43.75	50	51.85	32.26	52.94	53.33	48	39.13	48.28	50	45.98	
Ar	10.14	10.03	7.22	18.41	5.36	17.97	17.73	20.03	8.65	20.49	6.14	9.52	14.76	10.89	5.87	12.21	
Ho	0.83	0.85	0.72	0.95	0.7	0.93	0.95	0.96	0.85	0.95	0.73	0.83	0.93	0.89	0.82	0.86	
He	0.84	0.81	0.71	0.94	0.69	0.91	0.93	0.94	0.82	0.94	0.65	0.83	0.92	0.87	0.76	0.84	
HWE	0.9999	0.0931	0.68	0.9885	0.9974	0.9208	0.0226	0.5881	0.5583	0.2602	0.473	0.0108	0.2188	0.2665	0.0923	0.6109	
																																		
LSR_1,	Ssa197	Ssa202	Ssa85	SsaD144	SsaD486	SsaD58	SsaD71	SsaD85	SSOSL417	SSsp2201	SSsp2210	SSsp2215	SSsp2216	SSspG7	U3	Overall	
N	75	75	75	75	75	75	75	75	75	75	75	75	75	75	75	75	
A	13	16	13	28	5	25	26	24	13	27	7	14	16	13	6	246	
%	43.33	66.67	54.17	27.45	38.46	39.06	52	44.44	41.94	52.94	46.67	56	34.78	44.83	50	46.18	
Ar	10.62	13.96	8.62	19.54	4.62	18.9	19.24	17.68	8.74	18.41	5.83	10.94	12.18	11.22	5.89	12.43	
Ho	0.87	0.92	0.75	0.92	0.57	0.96	0.95	0.97	0.65	0.88	0.79	0.89	0.91	0.91	0.77	0.85	
He	0.88	0.91	0.71	0.94	0.55	0.94	0.93	0.93	0.62	0.92	0.78	0.88	0.87	0.89	0.77	0.83	
HWE	0.4392	0.6967	0.9537	0.93	0.883	0.001	0.2019	0.0087	1	0.5474	0.8631	0.0831	0.1454	0.3692	0.0487	0.1378	
																																		
NHR_1,	Ssa197	Ssa202	Ssa85	SsaD144	SsaD486	SsaD58	SsaD71	SsaD85	SSOSL417	SSsp2201	SSsp2210	SSsp2215	SSsp2216	SSspG7	U3	Overall	
N	57	57	57	57	57	57	57	57	57	57	57	57	57	57	57	57	
A	10	16	11	18	5	22	21	24	9	22	9	13	14	10	5	209	
%	33.33	66.67	45.83	17.65	38.46	34.38	42	44.44	29.03	43.14	60	52	30.43	34.48	41.67	40.9	
Ar	8.6	13	8.42	13.93	4.32	16.65	15.33	18.34	8.35	16.58	8.29	11.21	12.23	9.3	4.87	11.29	
Ho	0.84	0.91	0.75	0.86	0.53	0.91	0.91	0.89	0.77	0.96	0.81	0.93	0.88	0.86	0.68	0.83	
He	0.84	0.89	0.71	0.89	0.5	0.91	0.91	0.92	0.81	0.91	0.8	0.87	0.85	0.85	0.71	0.83	
HWE	0.3886	0.8246	0.9808	6e-04	0.9986	0.0075	0.2695	0.116	0.6049	0.9998	0.4715	0.1129	0.9996	0.8841	0.2469	0.3901	
																																		
NPR_1,	Ssa197	Ssa202	Ssa85	SsaD144	SsaD486	SsaD58	SsaD71	SsaD85	SSOSL417	SSsp2201	SSsp2210	SSsp2215	SSsp2216	SSspG7	U3	Overall	
N	101	101	104	101	104	101	101	101	104	101	101	101	101	101	100	101.53	
A	12	13	12	26	7	20	21	22	10	18	6	12	10	11	5	205	
%	40	54.17	50	25.49	53.85	31.25	42	40.74	32.26	35.29	40	48	21.74	37.93	41.67	39.63	
Ar	9.2	10.74	7.87	17.11	3.45	14.55	15.21	16.15	6.39	13.36	4.3	10.6	7.65	10.17	4.64	10.09	
Ho	0.9	0.87	0.74	0.96	0.46	0.91	0.94	0.92	0.47	0.89	0.61	0.83	0.83	0.87	0.62	0.79	
He	0.84	0.86	0.76	0.92	0.5	0.91	0.9	0.92	0.49	0.9	0.63	0.84	0.81	0.87	0.69	0.79	
HWE	0.1122	0.9885	0	0.9997	0	0.9987	0.7522	0.9449	0	0.9891	0	0.1705	0.2932	0.9455	0.0021	0.005	
																																		
NWT_1,	Ssa197	Ssa202	Ssa85	SsaD144	SsaD486	SsaD58	SsaD71	SsaD85	SSOSL417	SSsp2201	SSsp2210	SSsp2215	SSsp2216	SSspG7	U3	Overall	
N	88	88	88	88	88	88	88	88	87	88	88	88	88	88	88	87.93	
A	16	14	11	37	8	26	27	23	13	27	7	14	15	15	7	260	
%	53.33	58.33	45.83	36.27	61.54	40.62	54	42.59	41.94	52.94	46.67	56	32.61	51.72	58.33	48.85	
Ar	12.1	11.91	8.44	22.47	6.79	18.55	19.47	16.42	9.31	19.96	5.39	10.72	12.6	11.93	6.72	12.85	
Ho	0.94	0.94	0.68	0.93	0.77	0.9	0.92	0.9	0.84	0.92	0.68	0.91	0.91	0.76	0.78	0.85	
He	0.89	0.9	0.77	0.93	0.77	0.94	0.93	0.92	0.84	0.94	0.7	0.88	0.9	0.8	0.79	0.86	
HWE	0.9367	0.9187	0.653	0.4879	0.8556	0.9937	0.9327	0.6444	0.9982	0.9539	0.5175	0	0.894	0.9063	0.3526	0.9623	
																																		
OBB_1,	Ssa197	Ssa202	Ssa85	SsaD144	SsaD486	SsaD58	SsaD71	SsaD85	SSOSL417	SSsp2201	SSsp2210	SSsp2215	SSsp2216	SSspG7	U3	Overall	
N	69	69	69	69	69	69	68	69	69	69	69	69	69	69	69	68.93	
A	13	16	8	26	8	25	26	22	14	28	6	11	16	11	7	237	
%	43.33	66.67	33.33	25.49	61.54	39.06	52	40.74	45.16	54.9	40	44	34.78	37.93	58.33	45.15	
Ar	10.21	13.09	6.67	18.75	6.3	17.96	18.65	17.8	10.33	21.14	5.04	9.92	13.9	9.41	5.71	12.33	
Ho	0.84	0.86	0.72	0.96	0.62	0.93	0.9	0.93	0.78	0.99	0.78	0.83	0.91	0.91	0.68	0.84	
He	0.85	0.89	0.72	0.93	0.63	0.91	0.93	0.94	0.84	0.94	0.71	0.85	0.91	0.86	0.7	0.84	
HWE	0.2075	0.9003	0.1899	0.0061	0.0459	0.0212	0.9659	0.1431	0.7641	0.0563	0.6293	0.8689	0.4448	0.6697	0.9667	0.0424	
																																		
RBB_1,	Ssa197	Ssa202	Ssa85	SsaD144	SsaD486	SsaD58	SsaD71	SsaD85	SSOSL417	SSsp2201	SSsp2210	SSsp2215	SSsp2216	SSspG7	U3	Overall	
N	75	75	75	75	75	75	75	75	75	75	75	75	75	75	75	75	
A	12	11	8	24	6	28	20	25	14	25	6	11	16	14	5	225	
%	40	45.83	33.33	23.53	46.15	43.75	40	46.3	45.16	49.02	40	44	34.78	48.28	41.67	41.45	
Ar	9.8	9.67	6.03	18.5	5.54	20.48	16.66	17.4	11.31	21.28	5.3	9.32	13.7	12.18	4.63	12.12	
Ho	0.72	0.83	0.79	0.96	0.81	0.92	0.92	0.91	0.84	0.97	0.79	0.83	0.85	0.88	0.48	0.83	
He	0.83	0.87	0.73	0.94	0.76	0.94	0.93	0.92	0.85	0.95	0.72	0.82	0.89	0.89	0.63	0.85	
HWE	0.3446	0.0099	0	0.1292	0.9031	0.0314	0.0263	0	0.0072	0.0114	0	0.9552	0.0052	0.3165	1e-04	0	
																																		
RKR_1,	Ssa197	Ssa202	Ssa85	SsaD144	SsaD486	SsaD58	SsaD71	SsaD85	SSOSL417	SSsp2201	SSsp2210	SSsp2215	SSsp2216	SSspG7	U3	Overall	
N	100	100	100	100	100	99	100	99	100	100	100	100	100	100	100	99.87	
A	16	18	14	32	5	30	27	26	13	28	9	13	19	14	6	270	
%	53.33	75	58.33	31.37	38.46	46.88	54	48.15	41.94	54.9	60	52	41.3	48.28	50	50.26	
Ar	12.12	13.69	9.17	18.88	3.96	21.01	18.39	19.01	8.42	20.09	7.36	11.51	12.83	11.86	5.25	12.9	
Ho	0.92	0.9	0.78	0.85	0.44	0.96	0.87	0.95	0.71	0.95	0.82	0.9	0.89	0.85	0.61	0.83	
He	0.89	0.9	0.76	0.94	0.54	0.95	0.93	0.94	0.71	0.94	0.8	0.88	0.89	0.88	0.64	0.84	
HWE	0.72	0	0.3226	0.0616	0.5397	0	0.9545	0.3776	0.8807	0.3497	0.979	0.8783	0.6529	0.4304	0.1281	6e-04	
																																		
SBM_1,	Ssa197	Ssa202	Ssa85	SsaD144	SsaD486	SsaD58	SsaD71	SsaD85	SSOSL417	SSsp2201	SSsp2210	SSsp2215	SSsp2216	SSspG7	U3	Overall	
N	76	76	76	76	76	76	76	76	76	76	76	76	76	76	76	76	
A	16	10	9	20	7	22	23	24	12	25	6	13	14	14	6	221	
%	53.33	41.67	37.5	19.61	53.85	34.38	46	44.44	38.71	49.02	40	52	30.43	48.28	50	42.61	
Ar	12.46	8.13	6.24	16.06	6.11	16.01	18.14	16.79	8.93	18.12	5.21	10.14	11.97	11.26	5.41	11.4	
Ho	0.91	0.79	0.72	0.97	0.7	0.91	0.95	0.93	0.72	0.89	0.53	0.82	0.88	0.87	0.66	0.82	
He	0.88	0.84	0.74	0.92	0.72	0.91	0.93	0.92	0.75	0.92	0.53	0.81	0.88	0.87	0.68	0.82	
HWE	0.8771	0.972	0.9513	0.0231	0.8595	0.9907	0.5173	0.1191	0.9799	0.9722	0.7554	0.2931	0.5186	0.7063	0.9929	0.9757	
																																		
SLR_1,	Ssa197	Ssa202	Ssa85	SsaD144	SsaD486	SsaD58	SsaD71	SsaD85	SSOSL417	SSsp2201	SSsp2210	SSsp2215	SSsp2216	SSspG7	U3	Overall	
N	84	84	80	80	84	82	83	75	84	81	84	84	83	84	83	82.33	
A	14	17	16	23	8	26	24	28	12	28	8	13	16	16	6	255	
%	46.67	70.83	66.67	22.55	61.54	40.62	48	51.85	38.71	54.9	53.33	52	34.78	55.17	50	49.84	
Ar	11.48	12.6	12.28	17.16	5.98	19.73	17.72	18.2	9.51	20.49	6.8	10.54	12.11	11.34	5.52	12.76	
Ho	0.81	0.8	0.81	0.81	0.5	0.89	0.93	0.91	0.83	0.9	0.71	0.89	0.88	0.82	0.76	0.82	
He	0.86	0.88	0.85	0.92	0.55	0.95	0.93	0.93	0.83	0.95	0.78	0.88	0.87	0.86	0.74	0.85	
HWE	0.3861	0.1236	0.5255	0.012	0.8906	0.794	0.99	0	0.8894	0.0775	0.838	0.3234	1e-04	0.016	0.7694	1e-04	
																																		
SPR_1,	Ssa197	Ssa202	Ssa85	SsaD144	SsaD486	SsaD58	SsaD71	SsaD85	SSOSL417	SSsp2201	SSsp2210	SSsp2215	SSsp2216	SSspG7	U3	Overall	
N	73	74	74	74	73	74	74	73	73	74	73	73	74	73	74	73.53	
A	10	17	9	29	6	21	21	25	9	25	8	12	16	13	6	227	
%	33.33	70.83	37.5	28.43	46.15	32.81	42	46.3	29.03	49.02	53.33	48	34.78	44.83	50	43.09	
Ar	8.06	13.32	8.25	21.01	5.07	14.79	14.08	17.88	7.87	18.68	6.57	10.35	11.15	10.52	5.46	11.54	
Ho	0.89	0.93	0.78	0.97	0.55	0.88	0.93	0.97	0.71	0.93	0.63	0.89	0.89	0.95	0.68	0.84	
He	0.81	0.9	0.77	0.95	0.56	0.91	0.89	0.93	0.68	0.93	0.68	0.88	0.86	0.85	0.64	0.82	
HWE	0.3161	0.5042	0.2748	0.849	0.9138	0.715	0.9999	0.8533	0.8509	0.5638	0.0399	0.7756	0	0.9818	0.9967	0.8649	
																																		
STN_1,	Ssa197	Ssa202	Ssa85	SsaD144	SsaD486	SsaD58	SsaD71	SsaD85	SSOSL417	SSsp2201	SSsp2210	SSsp2215	SSsp2216	SSspG7	U3	Overall	
N	43	43	47	44	50	48	50	47	51	51	43	47	43	43	43	46.2	
A	12	11	9	9	6	15	16	17	12	19	7	11	11	10	6	171	
%	40	45.83	37.5	8.82	46.15	23.44	32	31.48	38.71	37.25	46.67	44	23.91	34.48	50	36.02	
Ar	10.4	8.69	6.81	7.69	5.98	12.5	12.01	11.79	9.83	14.13	6.92	9.17	8.79	8.3	5.84	9.26	
Ho	0.98	0.91	0.94	0.82	0.76	0.88	0.84	0.91	0.8	0.96	0.84	0.85	0.91	0.88	0.74	0.87	
He	0.87	0.82	0.75	0.81	0.8	0.9	0.86	0.89	0.82	0.9	0.78	0.84	0.8	0.82	0.68	0.82	
HWE	0.0705	0.6973	0	2e-04	0	2e-04	0	0	0	0	0.1442	1e-04	4e-04	0	0.7526	0	
																																		
STS_1,	Ssa197	Ssa202	Ssa85	SsaD144	SsaD486	SsaD58	SsaD71	SsaD85	SSOSL417	SSsp2201	SSsp2210	SSsp2215	SSsp2216	SSspG7	U3	Overall	
N	75	75	75	75	75	75	75	75	75	75	75	75	75	75	75	75	
A	14	16	9	35	4	23	22	20	10	24	6	10	15	14	5	227	
%	46.67	66.67	37.5	34.31	30.77	35.94	44	37.04	32.26	47.06	40	40	32.61	48.28	41.67	40.99	
Ar	11.06	13.91	7.09	22.07	3.37	16.86	16.52	15.86	7.72	18.02	3.49	8.38	12.23	11.09	4.99	11.51	
Ho	0.83	0.91	0.67	0.89	0.53	0.93	0.95	0.88	0.75	0.87	0.25	0.83	0.93	0.88	0.76	0.79	
He	0.82	0.9	0.66	0.94	0.48	0.9	0.93	0.92	0.75	0.92	0.27	0.85	0.88	0.87	0.72	0.79	
HWE	0.8726	0.5981	0.1873	0	0.0085	0	0.4564	0.4544	0.4298	0.8374	0	0.6487	8e-04	0.9071	0.4197	0	
																																		
SWB_1,	Ssa197	Ssa202	Ssa85	SsaD144	SsaD486	SsaD58	SsaD71	SsaD85	SSOSL417	SSsp2201	SSsp2210	SSsp2215	SSsp2216	SSspG7	U3	Overall	
N	70	71	71	71	71	71	71	71	71	71	71	71	71	71	71	70.93	
A	10	8	8	12	4	17	19	14	11	16	7	10	9	15	6	166	
%	33.33	33.33	33.33	11.76	30.77	26.56	38	25.93	35.48	31.37	46.67	40	19.57	51.72	50	33.85	
Ar	8.66	6.07	6.99	8.89	3.35	12.02	11.78	10.12	7.5	10.77	6.05	8.27	7.67	10.54	5.04	8.25	
Ho	0.91	0.69	0.85	0.86	0.75	0.85	0.82	0.92	0.85	0.94	0.83	0.92	0.9	0.93	0.73	0.85	
He	0.81	0.62	0.76	0.73	0.64	0.81	0.79	0.8	0.77	0.81	0.73	0.78	0.79	0.81	0.68	0.75	
HWE	0.0219	0.9249	0.3113	0.9912	0.1569	0.9372	0.9997	0.3436	0.5317	0.9993	0.5967	0.863	0.0336	0.745	0.2066	0.9988	
																																		
WBR_1,	Ssa197	Ssa202	Ssa85	SsaD144	SsaD486	SsaD58	SsaD71	SsaD85	SSOSL417	SSsp2201	SSsp2210	SSsp2215	SSsp2216	SSspG7	U3	Overall	
N	66	65	65	61	66	53	63	64	54	66	66	66	66	64	66	63.4	
A	14	18	10	26	7	25	27	26	14	27	8	14	19	16	8	259	
%	46.67	75	41.67	25.49	53.85	39.06	54	48.15	45.16	52.94	53.33	56	41.3	55.17	66.67	50.3	
Ar	11.52	13.22	8.58	18.83	5.48	17.96	20.62	18.25	10.49	20.02	6.63	11.69	14.39	13.1	6.78	13.17	
Ho	0.88	0.95	0.74	0.9	0.7	0.98	0.94	0.94	0.87	0.98	0.73	0.88	0.86	0.92	0.77	0.87	
He	0.88	0.9	0.8	0.94	0.68	0.94	0.95	0.93	0.81	0.94	0.71	0.88	0.91	0.9	0.73	0.86	
HWE	0.175	0.8076	1e-04	0.0496	0.9794	0.9702	0.9488	0	0.9549	0.9964	0.1788	0.7944	0.0123	0.609	0.6709	0.2945	
																																		
ALX-3700,	Ssa197	Ssa202	Ssa85	SsaD144	SsaD486	SsaD58	SsaD71	SsaD85	SSOSL417	SSsp2201	SSsp2210	SSsp2215	SSsp2216	SSspG7	U3	Overall	
N	81	81	81	81	81	81	81	81	81	81	81	81	81	81	81	81	
A	14	18	9	40	8	32	24	23	14	27	9	15	20	18	7	278	
%	46.67	75	37.5	39.22	61.54	50	48	42.59	45.16	52.94	60	60	43.48	62.07	58.33	52.17	
Ar	11.43	14.43	7.06	23.81	6.25	21.07	18.64	18.74	9.88	21.63	7.78	11.63	15.53	13.5	6.41	13.85	
Ho	0.9	0.93	0.6	0.93	0.73	0.94	0.94	0.94	0.74	0.94	0.73	0.91	0.93	0.83	0.7	0.85	
He	0.89	0.91	0.61	0.96	0.77	0.94	0.94	0.94	0.79	0.95	0.75	0.88	0.92	0.91	0.62	0.85	
HWE	0.769	0.9995	0.0035	0.2903	0	0.1617	0.0972	0.7385	0.0543	0.7195	0.0626	0.8108	0.6044	0	0.3596	0.0025	
																																		
BBR-1700,	Ssa197	Ssa202	Ssa85	SsaD144	SsaD486	SsaD58	SsaD71	SsaD85	SSOSL417	SSsp2201	SSsp2210	SSsp2215	SSsp2216	SSspG7	U3	Overall	
N	50	50	50	50	50	49	50	50	50	50	49	50	50	50	50	49.87	
A	12	17	9	26	7	24	22	23	14	26	6	12	16	15	6	235	
%	40	70.83	37.5	25.49	53.85	37.5	44	42.59	45.16	50.98	40	48	34.78	51.72	50	44.83	
Ar	11.03	13.37	7.61	18.79	5.96	19.11	17.84	18.31	10.69	20.53	5.64	10.16	14	11.26	5.61	12.66	
Ho	0.88	0.94	0.8	0.9	0.58	1	0.96	0.98	0.9	0.92	0.55	0.9	0.94	0.84	0.78	0.86	
He	0.89	0.9	0.76	0.94	0.6	0.94	0.93	0.94	0.84	0.95	0.56	0.88	0.91	0.88	0.71	0.84	
HWE	0.1941	0.0754	0.153	0	0.0712	0.9262	0.2905	0.7282	0.7417	0.1346	0.7797	0.4727	0.0674	0.8967	0.5157	0.0086	
																																		
BDB-2800,	Ssa197	Ssa202	Ssa85	SsaD144	SsaD486	SsaD58	SsaD71	SsaD85	SSOSL417	SSsp2201	SSsp2210	SSsp2215	SSsp2216	SSspG7	U3	Overall	
N	50	50	50	50	50	50	50	50	50	50	50	50	50	50	50	50	
A	10	13	11	19	5	19	22	21	14	23	8	13	17	12	7	214	
%	33.33	54.17	45.83	18.63	38.46	29.69	44	38.89	45.16	45.1	53.33	52	36.96	41.38	58.33	42.35	
Ar	9.72	10.96	8.6	15.3	4.89	15.08	17.12	17.35	11.66	19.36	6.56	10.78	13.7	9.77	5.42	11.75	
Ho	0.84	0.96	0.7	0.92	0.58	0.92	0.96	0.96	0.94	0.94	0.8	0.96	0.94	0.82	0.78	0.87	
He	0.85	0.87	0.74	0.9	0.64	0.91	0.92	0.94	0.87	0.94	0.77	0.85	0.9	0.83	0.7	0.84	
HWE	0.5759	0.6159	0.8738	0.9997	0.2642	0.7163	0.7027	0.9135	0.0075	0.652	0.7567	0.6958	0.9019	0.0556	0.9898	0.9848	
																																		
BER-4600,	Ssa197	Ssa202	Ssa85	SsaD144	SsaD486	SsaD58	SsaD71	SsaD85	SSOSL417	SSsp2201	SSsp2210	SSsp2215	SSsp2216	SSspG7	U3	Overall	
N	99	99	100	99	99	99	100	100	100	99	99	100	100	100	100	99.53	
A	13	15	9	24	8	23	21	30	13	24	6	13	33	13	7	252	
%	43.33	62.5	37.5	23.53	61.54	35.94	42	55.56	41.94	47.06	40	52	71.74	44.83	58.33	47.85	
Ar	10.05	11.82	7.74	17.36	7.16	17.25	16.79	21.09	8.94	19.24	5.09	10.34	18.72	11.05	5.7	12.56	
Ho	0.91	0.89	0.8	0.89	0.75	0.94	0.93	0.96	0.78	0.98	0.68	0.88	0.91	0.89	0.73	0.86	
He	0.88	0.89	0.79	0.92	0.74	0.93	0.93	0.95	0.79	0.94	0.71	0.87	0.91	0.87	0.73	0.86	
HWE	0.6808	0.804	0.7321	0.8555	0.4607	0.9756	0.5639	0.3268	0.9513	0.6885	0.5923	0.8798	0.0083	0.3076	0.4036	0.7263	
																																		
BIG-4100,	Ssa197	Ssa202	Ssa85	SsaD144	SsaD486	SsaD58	SsaD71	SsaD85	SSOSL417	SSsp2201	SSsp2210	SSsp2215	SSsp2216	SSspG7	U3	Overall	
N	94	93	94	94	94	93	94	94	94	93	94	93	94	94	94	93.73	
A	12	19	8	32	7	30	25	27	9	24	8	15	20	17	7	260	
%	40	79.17	33.33	31.37	53.85	46.88	50	50	29.03	47.06	53.33	60	43.48	58.62	58.33	48.96	
Ar	10.61	14.71	7.02	21.59	6.11	20.79	17.83	20.33	7.7	18.05	7.06	12.05	15.3	13.48	5.8	13.23	
Ho	0.9	0.88	0.8	0.96	0.71	0.96	0.91	0.95	0.74	0.9	0.77	0.96	0.94	0.9	0.65	0.86	
He	0.88	0.91	0.79	0.95	0.78	0.94	0.94	0.94	0.78	0.94	0.76	0.89	0.91	0.88	0.64	0.86	
HWE	0.6901	0.0955	0.9112	0.7708	0.6878	0.7383	0.4524	0.9593	0.0732	0.764	0.8997	0.833	0.9407	0.205	0.1923	0.9487	
																																		
BVB-3200,	Ssa197	Ssa202	Ssa85	SsaD144	SsaD486	SsaD58	SsaD71	SsaD85	SSOSL417	SSsp2201	SSsp2210	SSsp2215	SSsp2216	SSspG7	U3	Overall	
N	100	100	100	100	100	100	100	100	100	99	100	100	100	100	100	99.93	
A	12	15	12	30	6	23	30	30	15	25	7	12	17	13	7	254	
%	40	62.5	50	29.41	46.15	35.94	60	55.56	48.39	49.02	46.67	48	36.96	44.83	58.33	47.45	
Ar	9.72	11.16	8.16	21.6	5.55	18.85	21.84	20.29	11.17	19.14	6.22	10.49	11.86	10.76	5.84	12.84	
Ho	0.81	0.75	0.71	0.96	0.71	0.93	0.96	0.93	0.8	0.91	0.78	0.87	0.77	0.87	0.69	0.83	
He	0.83	0.79	0.64	0.95	0.73	0.94	0.95	0.94	0.79	0.94	0.79	0.85	0.79	0.86	0.69	0.83	
HWE	0.7153	0.1033	0.9605	0.556	0.7433	0.677	0.964	0.0141	0.5633	0.9376	0.6471	0.6161	0.3272	0.7144	0.4396	0.7904	
																																		
CMP-3600,	Ssa197	Ssa202	Ssa85	SsaD144	SsaD486	SsaD58	SsaD71	SsaD85	SSOSL417	SSsp2201	SSsp2210	SSsp2215	SSsp2216	SSspG7	U3	Overall	
N	50	50	50	50	50	50	49	50	50	50	50	50	50	49	50	49.87	
A	12	15	13	32	3	28	25	24	11	27	7	13	12	16	8	246	
%	40	62.5	54.17	31.37	23.08	43.75	50	44.44	35.48	52.94	46.67	52	26.09	55.17	66.67	45.62	
Ar	11.16	13.38	11.41	22.16	3	20.18	19.37	18.63	8.53	20.31	5.4	11.22	11.19	13.13	5.97	13	
Ho	0.86	0.94	0.88	0.98	0.74	0.9	0.98	0.92	0.82	0.94	0.54	0.98	0.9	0.9	0.66	0.86	
He	0.88	0.91	0.88	0.94	0.64	0.94	0.94	0.94	0.77	0.94	0.51	0.88	0.88	0.89	0.7	0.84	
HWE	0.3536	0.1404	0.9775	0.6799	0.1993	0.0277	0.9942	0.8545	0.882	0.2145	0.9879	0.204	0.3198	0.9552	0.6941	0.8178	
																																		
COD-1800,	Ssa197	Ssa202	Ssa85	SsaD144	SsaD486	SsaD58	SsaD71	SsaD85	SSOSL417	SSsp2201	SSsp2210	SSsp2215	SSsp2216	SSspG7	U3	Overall	
N	96	98	97	96	96	93	97	98	94	92	95	98	95	98	96	95.93	
A	16	14	13	29	8	26	27	22	15	28	10	16	21	15	8	268	
%	53.33	58.33	54.17	28.43	61.54	40.62	54	40.74	48.39	54.9	66.67	64	45.65	51.72	66.67	52.61	
Ar	12.11	12.15	9.7	21.14	7.39	18.05	19.52	16.85	9.88	20.61	7.12	12.84	14.59	11.79	6.66	13.36	
Ho	0.85	0.87	0.87	0.92	0.76	0.9	0.9	0.92	0.82	0.96	0.74	0.84	0.91	0.84	0.76	0.86	
He	0.87	0.89	0.81	0.95	0.77	0.94	0.94	0.93	0.82	0.95	0.72	0.89	0.91	0.88	0.75	0.87	
HWE	0.7103	0.4082	0.991	0.0061	0.7557	0.7898	0.0939	0.5198	0.9881	0.6154	0.9921	0.9755	0.9974	0.8065	0.1571	0.9075	
																																		
DWB-3050,	Ssa197	Ssa202	Ssa85	SsaD144	SsaD486	SsaD58	SsaD71	SsaD85	SSOSL417	SSsp2201	SSsp2210	SSsp2215	SSsp2216	SSspG7	U3	Overall	
N	50	50	50	50	50	50	50	50	50	50	50	50	50	50	50	50	
A	12	10	8	23	3	23	18	20	6	16	5	11	12	9	6	182	
%	40	41.67	33.33	22.55	23.08	35.94	36	37.04	19.35	31.37	33.33	44	26.09	31.03	50	33.65	
Ar	10.33	8.33	7.8	17.35	2.94	16.69	14.53	16.32	5.93	14.25	4.66	10.43	10.46	7.6	5.89	10.23	
Ho	0.9	0.8	0.92	0.98	0.36	0.92	0.88	0.98	0.86	0.98	0.64	0.86	0.84	0.74	0.8	0.83	
He	0.87	0.84	0.84	0.93	0.31	0.91	0.91	0.92	0.77	0.92	0.65	0.88	0.87	0.73	0.76	0.81	
HWE	0.8672	0	0.6736	0.1247	0.4918	0.7201	0.5478	0.2797	0.211	0.7541	0.0011	0.8323	0.9967	0.9794	0.5899	0.2213	
																																		
ENG-5000,	Ssa197	Ssa202	Ssa85	SsaD144	SsaD486	SsaD58	SsaD71	SsaD85	SSOSL417	SSsp2201	SSsp2210	SSsp2215	SSsp2216	SSspG7	U3	Overall	
N	99	99	99	99	99	99	99	99	99	99	99	99	99	99	99	99	
A	9	15	9	20	6	28	21	21	7	24	6	11	16	14	5	212	
%	30	62.5	37.5	19.61	46.15	43.75	42	38.89	22.58	47.06	40	44	34.78	48.28	41.67	39.92	
Ar	7.84	11.87	8.23	15.5	4.84	19.69	14.83	15.65	6.41	17.22	5.3	10.02	12.13	10.82	4.84	11.01	
Ho	0.87	0.91	0.86	0.92	0.76	0.93	0.93	0.91	0.69	0.93	0.68	0.81	0.85	0.89	0.37	0.82	
He	0.81	0.88	0.84	0.92	0.72	0.93	0.9	0.91	0.75	0.92	0.7	0.86	0.86	0.87	0.42	0.82	
HWE	2e-04	0.5018	0.3962	0	0.4442	0.0254	0.1998	0.0781	0.5289	0.0021	0.1936	0	0	0.6874	0.001	0	
																																		
FLB-1600,	Ssa197	Ssa202	Ssa85	SsaD144	SsaD486	SsaD58	SsaD71	SsaD85	SSOSL417	SSsp2201	SSsp2210	SSsp2215	SSsp2216	SSspG7	U3	Overall	
N	99	97	99	98	99	96	98	98	99	97	99	95	95	97	98	97.6	
A	14	12	11	25	7	27	24	24	12	27	8	16	17	16	7	247	
%	46.67	50	45.83	24.51	53.85	42.19	48	44.44	38.71	52.94	53.33	64	36.96	55.17	58.33	47.66	
Ar	9.77	9.55	9.76	18.21	5.82	18.92	17.8	16.71	9.88	20.01	7.2	12.72	13.91	10.5	6.07	12.46	
Ho	0.82	0.85	0.83	0.92	0.71	0.97	0.98	0.92	0.88	0.96	0.81	0.86	0.91	0.85	0.82	0.87	
He	0.84	0.82	0.83	0.93	0.67	0.93	0.94	0.93	0.85	0.94	0.77	0.88	0.89	0.85	0.75	0.86	
HWE	0.9926	0.0347	0.2315	0.5799	1e-04	0.9948	0.5447	0.076	0	1e-04	5e-04	0.952	0.0309	0.9642	0.5787	0.0022	
																																		
GRB-2200,	Ssa197	Ssa202	Ssa85	SsaD144	SsaD486	SsaD58	SsaD71	SsaD85	SSOSL417	SSsp2201	SSsp2210	SSsp2215	SSsp2216	SSspG7	U3	Overall	
N	100	88	100	100	100	96	99	99	100	89	100	100	91	97	99	97.2	
A	13	18	11	31	7	32	32	24	16	29	7	14	17	16	7	274	
%	43.33	75	45.83	30.39	53.85	50	64	44.44	51.61	56.86	46.67	56	36.96	55.17	58.33	51.23	
Ar	10.65	12.57	8.55	21.41	5.65	21.65	22.24	17.81	11.27	21.1	6.21	10.67	14.22	11.71	5.91	13.44	
Ho	0.83	0.89	0.85	0.93	0.65	0.97	0.92	0.97	0.8	0.96	0.53	0.87	0.91	0.88	0.68	0.84	
He	0.86	0.88	0.83	0.95	0.59	0.95	0.95	0.93	0.86	0.95	0.55	0.88	0.92	0.89	0.69	0.84	
HWE	0.1086	0.8654	0.534	0.4338	0.85	0.1083	0.3563	0.5922	0.0267	0.845	0.9833	0.7394	0.1176	0.9852	0.7153	0.4755	
																																		
GSB-4272,	Ssa197	Ssa202	Ssa85	SsaD144	SsaD486	SsaD58	SsaD71	SsaD85	SSOSL417	SSsp2201	SSsp2210	SSsp2215	SSsp2216	SSspG7	U3	Overall	
N	48	48	48	48	48	48	48	48	48	47	48	48	48	48	48	47.93	
A	13	12	6	20	5	23	22	22	11	28	7	10	15	15	6	215	
%	43.33	50	25	19.61	38.46	35.94	44	40.74	35.48	54.9	46.67	40	32.61	51.72	50	40.56	
Ar	11.64	10.63	5.28	17.52	4.94	16.83	17.56	18.05	9.37	19.85	6.69	9.36	12.69	11.61	4.83	11.79	
Ho	0.92	0.94	0.71	0.92	0.58	0.9	0.94	0.96	0.79	0.91	0.88	0.92	0.98	0.77	0.65	0.85	
He	0.89	0.87	0.69	0.94	0.68	0.91	0.93	0.94	0.78	0.94	0.81	0.86	0.9	0.85	0.65	0.84	
HWE	0.4284	0.4439	0.3135	0.5957	0.3536	0.8209	0.3529	0.5811	0.7817	0.5381	0.7835	0.7805	0.7749	0.864	0.9747	0.9047	
																																		
HUR-3909,	Ssa197	Ssa202	Ssa85	SsaD144	SsaD486	SsaD58	SsaD71	SsaD85	SSOSL417	SSsp2201	SSsp2210	SSsp2215	SSsp2216	SSspG7	U3	Overall	
N	28	28	28	28	28	28	28	28	28	28	27	28	28	28	28	27.93	
A	11	14	9	17	6	23	21	18	9	17	7	12	11	14	5	194	
%	36.67	58.33	37.5	16.67	46.15	35.94	42	33.33	29.03	33.33	46.67	48	23.91	48.28	41.67	38.5	
Ar	9.3	11.88	7.79	14.79	5.25	18.82	17.27	15.11	7.77	14.61	6.47	10.65	10.13	11.79	4.84	11.1	
Ho	0.86	0.86	0.86	0.93	0.68	0.96	1	0.89	0.79	0.96	0.67	0.75	0.96	0.79	0.71	0.84	
He	0.83	0.88	0.82	0.91	0.72	0.94	0.93	0.91	0.79	0.91	0.76	0.88	0.89	0.81	0.68	0.84	
HWE	0.8834	0.0171	0	0.078	0.956	0.2334	0.1703	0.1953	0.8628	0.4031	0.295	0.0622	0.9527	0.9968	0.8731	0.0167	
																																		
IAB-3650,	Ssa197	Ssa202	Ssa85	SsaD144	SsaD486	SsaD58	SsaD71	SsaD85	SSOSL417	SSsp2201	SSsp2210	SSsp2215	SSsp2216	SSspG7	U3	Overall	
N	50	49	50	50	50	50	50	50	50	49	50	50	50	50	50	49.87	
A	10	13	10	28	6	19	21	21	12	20	6	12	15	11	6	210	
%	33.33	54.17	41.67	27.45	46.15	29.69	42	38.89	38.71	39.22	40	48	32.61	37.93	50	39.99	
Ar	8.72	10.79	8.19	20.1	5.35	15.24	16.88	16.98	10.96	16.24	5.69	10.4	13.29	9.96	5.41	11.61	
Ho	0.82	0.84	0.8	0.9	0.7	0.94	0.94	0.94	0.88	0.94	0.58	0.86	0.88	0.86	0.7	0.84	
He	0.85	0.83	0.83	0.94	0.7	0.91	0.91	0.93	0.88	0.92	0.58	0.86	0.91	0.84	0.72	0.84	
HWE	0.7713	0.0405	0.3481	0.5649	0.7023	6e-04	0.7087	5e-04	0.6918	0.9139	0.8278	0.11	0.6215	0.0022	0.6193	0.0076	
																																		
IBB-4400,	Ssa197	Ssa202	Ssa85	SsaD144	SsaD486	SsaD58	SsaD71	SsaD85	SSOSL417	SSsp2201	SSsp2210	SSsp2215	SSsp2216	SSspG7	U3	Overall	
N	100	99	99	100	100	100	100	99	100	100	99	100	100	100	99	99.67	
A	13	16	11	36	6	29	29	30	12	29	8	14	18	19	5	275	
%	43.33	66.67	45.83	35.29	46.15	45.31	58	55.56	38.71	56.86	53.33	56	39.13	65.52	41.67	49.82	
Ar	10.53	12.1	8.34	21.5	4.9	19.18	18.89	20.01	9.39	19.09	5.84	8.66	14.17	12.1	4.95	12.64	
Ho	0.78	0.88	0.89	0.96	0.74	0.91	0.83	0.93	0.76	0.84	0.57	0.82	0.93	0.79	0.71	0.82	
He	0.86	0.89	0.81	0.94	0.66	0.94	0.88	0.94	0.77	0.91	0.59	0.82	0.92	0.85	0.71	0.83	
HWE	0.0241	0.1046	0.8198	0.6835	0	0.0355	0	0.9733	0.2683	0.3346	0.8061	0.9196	0.0336	0.3794	0.4699	0	
																																		
JUB-2000,	Ssa197	Ssa202	Ssa85	SsaD144	SsaD486	SsaD58	SsaD71	SsaD85	SSOSL417	SSsp2201	SSsp2210	SSsp2215	SSsp2216	SSspG7	U3	Overall	
N	50	50	50	50	50	50	50	50	50	50	50	50	50	50	50	50	
A	12	14	10	26	6	28	22	24	12	24	7	14	16	13	7	235	
%	40	58.33	41.67	25.49	46.15	43.75	44	44.44	38.71	47.06	46.67	56	34.78	44.83	58.33	44.68	
Ar	9.6	10.83	8.56	19.98	5.11	19.55	17.8	17.92	9.88	18.98	5.96	10.61	14.42	10.93	6.76	12.46	
Ho	0.86	0.86	0.86	0.96	0.48	0.92	0.94	0.94	0.86	0.96	0.54	0.8	1	0.9	0.78	0.84	
He	0.85	0.86	0.83	0.94	0.55	0.94	0.94	0.93	0.81	0.94	0.54	0.86	0.92	0.88	0.74	0.83	
HWE	0.8461	0.9999	0.0719	0.0602	0.8994	0.7682	0.0376	0.7483	0.8978	0.5964	0.9065	0.5296	0.9163	0.0051	0.139	0.5504	
																																		
KEN-3800,	Ssa197	Ssa202	Ssa85	SsaD144	SsaD486	SsaD58	SsaD71	SsaD85	SSOSL417	SSsp2201	SSsp2210	SSsp2215	SSsp2216	SSspG7	U3	Overall	
N	41	41	41	41	41	41	41	41	41	41	41	41	41	41	41	41	
A	14	13	10	22	5	22	23	19	8	23	6	11	13	17	8	214	
%	46.67	54.17	41.67	21.57	38.46	34.38	46	35.19	25.81	45.1	40	44	28.26	58.62	66.67	41.77	
Ar	12.09	11.63	7.92	18.46	4.46	17.69	16.86	15.91	7.73	18.84	5.98	9.72	11.23	14.15	6.88	11.97	
Ho	0.88	0.83	0.83	0.98	0.56	0.93	0.88	0.93	0.83	0.98	0.83	0.93	0.88	0.98	0.73	0.86	
He	0.89	0.88	0.74	0.94	0.58	0.93	0.92	0.92	0.8	0.94	0.8	0.87	0.88	0.9	0.69	0.85	
HWE	0.5099	0.7041	0.9875	0.0733	0.8203	0.871	0.6776	0.9857	0.5303	0.9144	0.4077	0.4899	0.9158	0.5563	0.6651	0.9863	
																																		
LJB-1750,	Ssa197	Ssa202	Ssa85	SsaD144	SsaD486	SsaD58	SsaD71	SsaD85	SSOSL417	SSsp2201	SSsp2210	SSsp2215	SSsp2216	SSspG7	U3	Overall	
N	50	49	48	50	50	50	49	49	48	47	46	50	48	48	50	48.8	
A	13	14	11	29	8	26	26	21	13	25	7	13	16	13	8	243	
%	43.33	58.33	45.83	28.43	61.54	40.62	52	38.89	41.94	49.02	46.67	52	34.78	44.83	66.67	46.99	
Ar	10.96	11.72	8.24	20.87	6.92	19.95	19.45	16.67	10.86	19.45	6.42	10.64	13.24	11.14	6.57	12.87	
Ho	0.9	0.94	0.85	0.96	0.78	0.98	0.92	0.98	0.83	0.96	0.54	0.9	0.88	0.9	0.8	0.87	
He	0.87	0.87	0.8	0.95	0.67	0.94	0.94	0.93	0.85	0.95	0.63	0.87	0.89	0.88	0.72	0.85	
HWE	0.9473	0.688	0.9336	0.1296	0.8919	0.9433	0.9985	0.9237	0.0468	0.8591	0	0.8798	0.1319	0.1111	0.9941	0.957	
																																		
LOM-3100,	Ssa197	Ssa202	Ssa85	SsaD144	SsaD486	SsaD58	SsaD71	SsaD85	SSOSL417	SSsp2201	SSsp2210	SSsp2215	SSsp2216	SSspG7	U3	Overall	
N	100	100	100	100	100	100	100	100	100	100	100	100	100	100	100	100	
A	13	12	10	23	6	27	26	24	13	22	8	14	16	9	7	230	
%	43.33	50	41.67	22.55	46.15	42.19	52	44.44	41.94	43.14	53.33	56	34.78	31.03	58.33	44.06	
Ar	11.08	10.08	8.17	17.22	3.88	18.49	16.1	15.78	9.77	17.23	6.37	11.17	14.02	8.1	6.89	11.62	
Ho	0.9	0.82	0.65	0.91	0.44	0.95	0.92	0.92	0.86	0.87	0.82	0.89	0.93	0.74	0.81	0.83	
He	0.87	0.85	0.61	0.93	0.4	0.91	0.91	0.9	0.85	0.93	0.8	0.87	0.92	0.82	0.81	0.83	
HWE	0.2216	0.9874	0.8246	0	0.3827	0.8608	0.6921	0.0089	0.9779	0.876	0.1132	0.9622	0.1189	0.058	0.3575	0.0728	
																																		
MBA-1900,	Ssa197	Ssa202	Ssa85	SsaD144	SsaD486	SsaD58	SsaD71	SsaD85	SSOSL417	SSsp2201	SSsp2210	SSsp2215	SSsp2216	SSspG7	U3	Overall	
N	98	98	98	98	98	96	98	98	98	97	98	98	98	98	98	97.8	
A	18	14	11	27	8	29	21	22	15	25	6	12	16	14	7	245	
%	60	58.33	45.83	26.47	61.54	45.31	42	40.74	48.39	49.02	40	48	34.78	48.28	58.33	47.13	
Ar	12.9	11.46	9.62	19.21	7.18	20.25	16.81	16.89	10.45	17.76	5.24	8.5	11.97	10.47	4.74	12.23	
Ho	0.89	0.96	0.87	0.9	0.83	0.92	0.95	0.94	0.74	0.94	0.83	0.73	0.88	0.86	0.73	0.86	
He	0.89	0.89	0.84	0.94	0.78	0.93	0.93	0.92	0.75	0.93	0.72	0.8	0.89	0.84	0.69	0.85	
HWE	0.9833	0.9083	0.5052	0.3411	0.214	0.0264	0.0083	0.3052	0	0.047	0.4265	0.7614	0.7854	0.995	0.4541	0.0066	
																																		
MNR-5200,	Ssa197	Ssa202	Ssa85	SsaD144	SsaD486	SsaD58	SsaD71	SsaD85	SSOSL417	SSsp2201	SSsp2210	SSsp2215	SSsp2216	SSspG7	U3	Overall	
N	100	100	100	100	100	100	100	100	100	100	100	100	100	100	100	100	
A	13	16	9	40	9	28	27	33	16	31	7	15	20	16	6	286	
%	43.33	66.67	37.5	39.22	69.23	43.75	54	61.11	51.61	60.78	46.67	60	43.48	55.17	50	52.17	
Ar	10.28	11.85	6.6	23.75	7.12	19.9	18.09	22.39	11.52	21.84	6.32	11.48	14.77	13.3	5.29	13.63	
Ho	0.9	0.88	0.74	0.96	0.7	0.95	0.92	0.93	0.81	0.98	0.72	0.87	0.94	0.97	0.69	0.86	
He	0.87	0.85	0.76	0.95	0.68	0.94	0.93	0.95	0.84	0.95	0.75	0.87	0.91	0.9	0.73	0.86	
HWE	0.9647	0	0.6221	0.028	0	0.8977	0.993	0.8827	0.6671	0.9958	0.7333	0.982	0.9927	0.6585	0.331	0.9433	
																																		
NBT-5500,	Ssa197	Ssa202	Ssa85	SsaD144	SsaD486	SsaD58	SsaD71	SsaD85	SSOSL417	SSsp2201	SSsp2210	SSsp2215	SSsp2216	SSspG7	U3	Overall	
N	95	95	95	95	95	95	95	95	95	95	95	95	95	95	95	95	
A	9	10	6	22	6	12	16	20	7	16	6	8	12	10	4	164	
%	30	41.67	25	21.57	46.15	18.75	32	37.04	22.58	31.37	40	32	26.09	34.48	33.33	31.47	
Ar	7.25	7.52	5.8	14.41	5.22	7.83	10.54	13.1	4.8	11.49	5.26	5.77	8.21	6.79	3.84	7.86	
Ho	0.64	0.76	0.64	0.84	0.69	0.78	0.88	0.84	0.67	0.81	0.72	0.59	0.64	0.57	0.51	0.71	
He	0.66	0.72	0.62	0.82	0.69	0.72	0.84	0.82	0.62	0.87	0.71	0.57	0.72	0.56	0.52	0.7	
HWE	0.83	0.0012	0.593	0.9999	0.9304	0.9999	0.9883	0.9995	0.6515	0.7642	0.964	0.4146	3e-04	0.9997	0.8718	1	
																																		
PGB-2850,	Ssa197	Ssa202	Ssa85	SsaD144	SsaD486	SsaD58	SsaD71	SsaD85	SSOSL417	SSsp2201	SSsp2210	SSsp2215	SSsp2216	SSspG7	U3	Overall	
N	50	50	50	50	50	49	50	50	50	50	50	50	50	50	50	49.93	
A	12	11	11	20	6	23	23	20	8	20	7	13	11	10	8	203	
%	40	45.83	45.83	19.61	46.15	35.94	46	37.04	25.81	39.22	46.67	52	23.91	34.48	66.67	40.34	
Ar	10.64	9.01	8.81	17.81	4.26	17.48	17.65	15.63	6.81	16.25	6.24	10.6	9.96	9.34	7.36	11.19	
Ho	0.86	0.88	0.68	0.98	0.46	0.94	0.92	0.98	0.8	0.88	0.72	0.86	0.86	0.82	0.78	0.83	
He	0.85	0.84	0.68	0.93	0.52	0.92	0.93	0.9	0.72	0.92	0.72	0.83	0.88	0.86	0.77	0.82	
HWE	0.218	0.2454	0.9942	0.6915	0.9712	0.9001	0.0893	0.1679	0.8307	0.6491	0.0918	0.3648	0.5348	0.6998	0.2637	0.5695	
																																		
PHR-2300,	Ssa197	Ssa202	Ssa85	SsaD144	SsaD486	SsaD58	SsaD71	SsaD85	SSOSL417	SSsp2201	SSsp2210	SSsp2215	SSsp2216	SSspG7	U3	Overall	
N	70	69	70	70	70	69	70	70	70	70	70	70	69	70	69	69.73	
A	14	16	16	34	9	30	35	29	14	29	12	13	18	17	8	294	
%	46.67	66.67	66.67	33.33	69.23	46.88	70	53.7	45.16	56.86	80	52	39.13	58.62	66.67	56.77	
Ar	10.34	12.28	10.99	22.7	5.92	22.21	23.61	20.03	9.91	22.17	9.27	10.6	14.41	12.3	5.63	14.16	
Ho	0.89	0.84	0.84	0.93	0.64	0.97	0.97	0.89	0.77	0.96	0.79	0.87	0.91	0.86	0.75	0.86	
He	0.87	0.88	0.83	0.95	0.64	0.95	0.96	0.94	0.79	0.95	0.8	0.88	0.9	0.89	0.72	0.86	
HWE	0	0.8351	0	0.9668	0	0.977	0.0808	0.0036	0.267	0.3013	0.8558	0	0.6458	0	0.9955	0	
																																		
PIN-5400,	Ssa197	Ssa202	Ssa85	SsaD144	SsaD486	SsaD58	SsaD71	SsaD85	SSOSL417	SSsp2201	SSsp2210	SSsp2215	SSsp2216	SSspG7	U3	Overall	
N	100	100	100	100	100	100	100	100	100	100	100	100	100	100	100	100	
A	13	19	12	29	8	37	25	25	11	28	8	15	19	19	8	276	
%	43.33	79.17	50	28.43	61.54	57.81	50	46.3	35.48	54.9	53.33	60	41.3	65.52	66.67	52.92	
Ar	10.77	14.32	8.93	20.18	6.82	22.63	17.71	18.96	8.24	21.31	6.83	11.57	14.54	14.33	6.3	13.56	
Ho	0.83	0.92	0.75	0.95	0.76	0.91	0.98	0.94	0.76	0.92	0.79	0.92	0.93	0.9	0.6	0.86	
He	0.88	0.91	0.76	0.94	0.78	0.95	0.93	0.94	0.79	0.95	0.73	0.88	0.91	0.91	0.62	0.86	
HWE	0.7082	0.2582	0.9685	0.4382	0.838	0.9876	0.5035	0.5742	0.5861	0.0115	0.1722	0.9363	0.811	0.9392	0.999	0.9387	
																																		
RBR-2050,	Ssa197	Ssa202	Ssa85	SsaD144	SsaD486	SsaD58	SsaD71	SsaD85	SSOSL417	SSsp2201	SSsp2210	SSsp2215	SSsp2216	SSspG7	U3	Overall	
N	50	50	50	50	50	50	50	49	49	50	50	50	50	50	50	49.87	
A	11	18	7	25	7	28	24	23	15	30	7	12	17	13	8	245	
%	36.67	75	29.17	24.51	53.85	43.75	48	42.59	48.39	58.82	46.67	48	36.96	44.83	66.67	46.93	
Ar	9.12	13.46	6.79	18.98	5.62	20.53	19	18.07	11.05	21.51	6.12	10.34	14.04	10.78	6.5	12.79	
Ho	0.84	0.9	0.78	0.86	0.62	0.92	0.96	0.96	0.86	0.9	0.64	0.82	0.94	0.96	0.86	0.85	
He	0.84	0.88	0.79	0.94	0.67	0.94	0.94	0.94	0.86	0.94	0.68	0.85	0.9	0.88	0.76	0.85	
HWE	0.7901	0.8912	0.3852	0.1364	0.9425	0.679	0.3583	0.4923	0.991	0	0.8039	0.0472	0.4682	0.876	0.8975	0.1454	
																																		
ROF-3300,	Ssa197	Ssa202	Ssa85	SsaD144	SsaD486	SsaD58	SsaD71	SsaD85	SSOSL417	SSsp2201	SSsp2210	SSsp2215	SSsp2216	SSspG7	U3	Overall	
N	50	50	50	50	50	50	50	50	50	50	50	50	50	50	50	50	
A	10	11	5	24	3	23	17	20	6	22	5	12	18	15	4	195	
%	33.33	45.83	20.83	23.53	23.08	35.94	34	37.04	19.35	43.14	33.33	48	39.13	51.72	33.33	34.77	
Ar	8.83	9.4	4.43	18.65	2.68	17.58	15.25	16.02	5.44	16.85	4.93	10.51	13.13	11.31	3.89	10.59	
Ho	0.84	0.8	0.56	0.98	0.2	0.8	0.92	0.92	0.6	0.9	0.58	0.98	0.94	0.9	0.66	0.77	
He	0.82	0.78	0.58	0.94	0.22	0.92	0.92	0.91	0.56	0.92	0.67	0.88	0.89	0.85	0.69	0.77	
HWE	0.6706	0.8937	0.6484	0.9645	0.8423	0.0037	0.3366	0	0.8585	0.4876	0.3099	0.8318	0.9994	0.9615	0.8891	0.4431	
																																		
ROP-3400,	Ssa197	Ssa202	Ssa85	SsaD144	SsaD486	SsaD58	SsaD71	SsaD85	SSOSL417	SSsp2201	SSsp2210	SSsp2215	SSsp2216	SSspG7	U3	Overall	
N	100	100	100	100	100	100	100	100	100	100	100	100	100	100	100	100	
A	14	14	11	27	8	31	25	24	18	27	6	13	20	17	8	263	
%	46.67	58.33	45.83	26.47	61.54	48.44	50	44.44	58.06	52.94	40	52	43.48	58.62	66.67	50.23	
Ar	10.53	12.48	8.54	20.38	6.14	19.89	17.66	18.3	12.48	19.45	5.33	10.72	14.69	13.56	6.78	13.13	
Ho	0.93	0.89	0.69	0.96	0.65	0.94	0.92	0.91	0.9	0.94	0.64	0.84	0.87	0.92	0.8	0.85	
He	0.86	0.9	0.78	0.95	0.68	0.94	0.93	0.93	0.89	0.94	0.61	0.85	0.91	0.87	0.77	0.85	
HWE	0.4986	0.0785	0.0725	0.8914	0.1515	0.9992	0.3192	0.5965	0.6968	0.9678	0.5089	0.242	0.9639	0.9971	0.6957	0.998	
																																		
RWR-4000,	Ssa197	Ssa202	Ssa85	SsaD144	SsaD486	SsaD58	SsaD71	SsaD85	SSOSL417	SSsp2201	SSsp2210	SSsp2215	SSsp2216	SSspG7	U3	Overall	
N	40	37	41	41	41	41	41	41	41	37	41	40	38	39	41	40	
A	13	16	9	29	4	27	18	23	9	24	7	12	15	16	7	229	
%	43.33	66.67	37.5	28.43	30.77	42.19	36	42.59	29.03	47.06	46.67	48	32.61	55.17	58.33	42.96	
Ar	10.89	12.61	8.38	19.73	4	21	15.56	18.22	8.07	17.64	6.88	10.29	12.81	14.11	6.73	12.46	
Ho	0.8	0.95	0.78	0.88	0.63	0.93	0.93	0.93	0.71	0.97	0.9	0.8	0.97	0.95	0.73	0.86	
He	0.84	0.89	0.81	0.93	0.58	0.94	0.93	0.93	0.79	0.93	0.83	0.88	0.9	0.92	0.7	0.85	
HWE	0.9918	0.7795	0.8021	0.5062	0.2433	0.6885	0.2649	0.4846	0.5775	0.9163	0.6989	0.5813	0.9759	0.4282	0.4547	0.9638	
																																		
SAN-5100,	Ssa197	Ssa202	Ssa85	SsaD144	SsaD486	SsaD58	SsaD71	SsaD85	SSOSL417	SSsp2201	SSsp2210	SSsp2215	SSsp2216	SSspG7	U3	Overall	
N	100	98	99	100	100	100	100	99	100	100	99	100	100	100	99	99.6	
A	14	16	12	37	8	37	26	31	13	28	9	14	20	20	7	292	
%	46.67	66.67	50	36.27	61.54	57.81	52	57.41	41.94	54.9	60	56	43.48	68.97	58.33	54.13	
Ar	11.6	12.26	8.21	23.63	6.3	22.28	18.66	20.43	10.06	22.14	6.43	11.31	15.81	14.55	6.05	13.98	
Ho	0.88	0.86	0.75	0.94	0.72	0.96	0.91	0.97	0.79	0.91	0.74	0.87	0.96	0.93	0.55	0.85	
He	0.87	0.89	0.76	0.96	0.76	0.95	0.94	0.94	0.81	0.96	0.71	0.89	0.93	0.91	0.63	0.86	
HWE	0.3721	0.6498	0.9953	1	0.8863	0.5331	0.1641	0.9974	0.999	0.4076	0	0.1937	0.9452	0.5908	0.0818	0.988	
																																		
SGR-3350,	Ssa197	Ssa202	Ssa85	SsaD144	SsaD486	SsaD58	SsaD71	SsaD85	SSOSL417	SSsp2201	SSsp2210	SSsp2215	SSsp2216	SSspG7	U3	Overall	
N	50	50	50	50	50	50	50	50	50	50	50	50	50	50	50	50	
A	13	16	9	31	7	30	25	25	13	26	6	12	15	14	7	249	
%	43.33	66.67	37.5	30.39	53.85	46.88	50	46.3	41.94	50.98	40	48	32.61	48.28	58.33	46.34	
Ar	10.6	12.98	7.74	22.63	4.69	21.83	18.67	20.2	11.02	19.74	5.36	10.52	12.89	11.65	6.58	13.14	
Ho	0.88	0.92	0.72	0.94	0.42	0.96	0.94	1	0.7	0.92	0.76	0.94	0.92	0.94	0.76	0.85	
He	0.87	0.88	0.74	0.95	0.51	0.95	0.94	0.95	0.78	0.93	0.73	0.88	0.9	0.88	0.75	0.84	
HWE	0	0.9997	0.9675	0.0037	0.9942	0.3541	0.9778	0.8489	3e-04	0.0999	0.9694	0.6453	0.6687	0.0045	0.4229	0.0401	
																																		
SMR-5300,	Ssa197	Ssa202	Ssa85	SsaD144	SsaD486	SsaD58	SsaD71	SsaD85	SSOSL417	SSsp2201	SSsp2210	SSsp2215	SSsp2216	SSspG7	U3	Overall	
N	100	100	100	100	100	100	100	100	100	100	100	100	100	100	100	100	
A	13	19	11	28	7	27	24	27	12	30	10	14	17	18	6	263	
%	43.33	79.17	45.83	27.45	53.85	42.19	48	50	38.71	58.82	66.67	56	36.96	62.07	50	50.6	
Ar	11.31	14.58	9.08	19.83	6.09	19.68	18	18.64	9.73	20.32	7.22	11.73	14.4	12.63	5.94	13.28	
Ho	0.89	0.93	0.72	0.94	0.82	0.99	0.99	0.95	0.88	0.92	0.72	0.93	0.89	0.89	0.83	0.89	
He	0.88	0.91	0.7	0.94	0.76	0.94	0.93	0.94	0.81	0.94	0.69	0.88	0.91	0.9	0.79	0.86	
HWE	0.4452	0.2118	0.0067	0.3338	0.3629	0	0.5654	0.5108	0.53	0.0159	0.9996	0.1715	0.4196	0.9902	0.3135	1e-04	
																																		
SRN-4222,	Ssa197	Ssa202	Ssa85	SsaD144	SsaD486	SsaD58	SsaD71	SsaD85	SSOSL417	SSsp2201	SSsp2210	SSsp2215	SSsp2216	SSspG7	U3	Overall	
N	49	49	48	49	49	49	48	48	49	49	49	49	49	49	49	48.8	
A	13	13	10	23	7	26	25	23	9	27	6	9	12	11	7	221	
%	43.33	54.17	41.67	22.55	53.85	40.62	50	42.59	29.03	52.94	40	36	26.09	37.93	58.33	41.94	
Ar	10.33	10.67	8.61	16.68	6.01	20.32	20.94	18.26	7.39	19.98	5.21	8.8	10.51	9.19	5.79	11.91	
Ho	0.88	0.88	0.6	0.9	0.78	0.96	0.96	0.94	0.73	0.94	0.73	0.92	0.94	0.9	0.59	0.84	
He	0.86	0.85	0.78	0.92	0.73	0.94	0.95	0.94	0.77	0.94	0.65	0.87	0.87	0.85	0.73	0.84	
HWE	0.7339	0.7593	0.0093	0.9025	0.9842	0.7427	0.026	0.3828	0.9565	0.0158	0.5591	0.4955	0.7369	0.8699	0.1404	0.2661	
																																		
TNR-4500,	Ssa197	Ssa202	Ssa85	SsaD144	SsaD486	SsaD58	SsaD71	SsaD85	SSOSL417	SSsp2201	SSsp2210	SSsp2215	SSsp2216	SSspG7	U3	Overall	
N	100	100	100	100	100	100	100	100	100	100	100	100	100	100	100	100	
A	14	16	11	33	8	34	33	29	17	33	9	15	21	19	9	301	
%	46.67	66.67	45.83	32.35	61.54	53.12	66	53.7	54.84	64.71	60	60	45.65	65.52	75	56.77	
Ar	11.38	13.56	8.72	21.48	6.32	22.4	22.33	20.42	10	22.84	6.74	10.87	15.68	13.68	6.8	14.21	
Ho	0.85	0.89	0.75	0.95	0.59	0.92	0.98	0.96	0.83	0.94	0.75	0.86	0.9	0.92	0.74	0.86	
He	0.88	0.91	0.82	0.95	0.65	0.95	0.95	0.95	0.83	0.96	0.71	0.87	0.91	0.9	0.74	0.87	
HWE	0.8274	0.5198	0.7764	0.943	0.1444	0.9995	0.9702	0	0.9996	0.0229	0.9991	0.883	0.8043	0.5936	0.9963	0.9765	
																																		
TYB-3000,	Ssa197	Ssa202	Ssa85	SsaD144	SsaD486	SsaD58	SsaD71	SsaD85	SSOSL417	SSsp2201	SSsp2210	SSsp2215	SSsp2216	SSspG7	U3	Overall	
N	50	50	50	50	50	50	50	50	50	50	50	50	50	50	50	50	
A	14	11	9	20	6	27	23	22	12	22	7	12	11	15	8	219	
%	46.67	45.83	37.5	19.61	46.15	42.19	46	40.74	38.71	43.14	46.67	48	23.91	51.72	66.67	42.9	
Ar	12.24	9.29	7.34	17.85	5.27	20.15	17.68	18.34	9.68	18.5	6.96	11.06	10.29	11.94	7.13	12.25	
Ho	0.88	0.84	0.8	0.96	0.62	0.94	0.92	0.98	0.84	0.96	0.8	0.9	0.92	0.88	0.76	0.87	
He	0.89	0.83	0.76	0.94	0.63	0.94	0.92	0.94	0.83	0.94	0.81	0.89	0.88	0.86	0.8	0.86	
HWE	0.7953	0.753	0.9902	0.9192	0.6707	0.6652	0.7915	0.6024	0.9962	0.0092	0.7433	0.7923	0.5128	0	0.5324	0.5589	
																																		
WAB-3500,	Ssa197	Ssa202	Ssa85	SsaD144	SsaD486	SsaD58	SsaD71	SsaD85	SSOSL417	SSsp2201	SSsp2210	SSsp2215	SSsp2216	SSspG7	U3	Overall	
N	100	99	99	100	100	100	100	99	100	100	99	100	100	100	99	99.67	
A	17	16	11	38	7	31	27	31	19	28	7	14	15	22	6	289	
%	56.67	66.67	45.83	37.25	53.85	48.44	54	57.41	61.29	54.9	46.67	56	32.61	75.86	50	53.16	
Ar	12.08	11.83	7.65	24.35	4.08	21.3	20.13	21.12	12.99	21.35	6.37	11.62	12.6	13.49	5.88	13.79	
Ho	0.91	0.92	0.76	0.99	0.54	0.86	0.94	0.96	0.81	0.95	0.78	0.89	0.85	0.84	0.65	0.84	
He	0.88	0.87	0.76	0.96	0.54	0.95	0.95	0.94	0.79	0.95	0.77	0.88	0.9	0.88	0.71	0.85	
HWE	0.6323	0.4562	0.2207	0	0.1902	0.784	0.7901	0.741	1	0.7437	0.6382	0.2786	0	0	0.1055	3e-04	
																																		
